49.95
50.74
51.1
51.1
52.61
53.7
55.69
55.94
56.93
58.69
58.86
58.86
59.07
59.07
59.07
59.07
63.37
64.74
64.74
66.22
67.46
67.56
67.56
67.56
67.56
67.56
68.63
70.17
70.17
70.17
70.17
70.17
70.17
74.62
86.13
51.1
51.1
52.61
53.7
55.69
55.94
56.93
58.69
58.86
58.86
59.07
59.07
59.07
59.07
63.37
64.74
64.74
66.22
67.46
67.56
67.56
67.56
67.56
67.56
68.63
70.17
70.17
70.17
70.17
70.17
70.17
74.62
86.13
53.7
55.69
55.94
56.93
58.69
58.86
58.86
59.07
59.07
59.07
59.07
63.37
64.74
64.74
66.22
67.46
67.56
67.56
67.56
67.56
67.56
68.63
70.17
70.17
70.17
70.17
70.17
70.17
74.62
86.13
55.94
56.93
58.69
58.86
58.86
59.07
59.07
59.07
59.07
63.37
64.74
64.74
66.22
67.46
67.56
67.56
67.56
67.56
67.56
68.63
70.17
70.17
70.17
70.17
70.17
70.17
74.62
86.13
58.86
59.07
59.07
59.07
59.07
63.37
64.74
64.74
66.22
67.46
67.56
67.56
67.56
67.56
67.56
68.63
70.17
70.17
70.17
70.17
70.17
70.17
74.62
86.13
64.74
66.22
67.46
67.56
67.56
67.56
67.56
67.56
68.63
70.17
70.17
70.17
70.17
70.17
70.17
74.62
86.13
66.22
67.46
67.56
67.56
67.56
67.56
67.56
68.63
70.17
70.17
70.17
70.17
70.17
70.17
74.62
86.13
67.46
67.56
67.56
67.56
67.56
67.56
68.63
70.17
70.17
70.17
70.17
70.17
70.17
74.62
86.13
67.56
67.56
67.56
67.56
68.63
70.17
70.17
70.17
70.17
70.17
70.17
74.62
86.13
67.56
68.63
70.17
70.17
70.17
70.17
70.17
70.17
74.62
86.13
84.59
84.59
84.27
83.85
83.85
83.85
83.85
83.85
83.85
83.69
83.69
82.47
82.47
82.47
82.47
82.47
82.47
82.47
82.47
82.47
82.47
83.68
84.91
84.91
84.91
84.91
84.91
84.91
84.91
84.91
84.91
84.91
85.14
85.14
85.14
88.15
88.15
88.15
89.95
91.78
91.78
93.06
93.86
94.18
94.18
94.18
94.18
94.18
94.18
94.18
94.18
94.18
68.63
70.17
70.17
70.17
70.17
70.17
70.17
74.62
86.13
84.59
84.59
84.27
83.85
83.85
83.85
83.85
83.85
83.85
83.69
83.69
82.47
82.47
82.47
82.47
82.47
82.47
82.47
82.47
82.47
82.47
83.68
84.91
84.91
84.91
84.91
84.91
84.91
84.91
84.91
84.91
84.91
85.14
85.14
85.14
88.15
88.15
88.15
89.95
91.78
91.78
93.06
93.86
94.18
94.18
94.18
94.18
94.18
94.18
94.18
94.18
94.18
70.17
70.17
70.17
74.62
86.13
84.59
84.59
84.27
83.85
83.85
83.85
83.85
83.85
83.85
83.69
83.69
82.47
82.47
82.47
82.47
82.47
82.47
82.47
82.47
82.47
82.47
83.68
84.91
84.91
84.91
84.91
84.91
84.91
84.91
84.91
84.91
84.91
85.14
85.14
85.14
88.15
88.15
88.15
89.95
91.78
91.78
93.06
93.86
94.18
94.18
94.18
94.18
94.18
94.18
94.18
94.18
94.18
94.05
90.27
88.47
88.47
88.47
88.47
88.47
88.47
88.47
88.47
88.47
88.47
93.95
93.95
93.9
93.61
93.61
93.61
93.61
93.61
93.61
93.61
93.61
93.61
92.84
92.84
92.84
92.5
92.5
92.5
92.5
92.5
90.58
89.9
88.81
87.41
87.41
87.41
87.41
87.41
87.41
87.41
87.41
87.41
87.41
87.71
87.71
89.21
89.21
89.21
89.21
89.4
89.54
89.7
89.7
89.93
89.93
89.93
92.41
92.41
92.41
92.41
92.41
92.41
92.41
92.41
92.41
92.41
93.39
95.6
98.95
102.01
107.8
109.27
109.27
109.62
109.62
109.89
111.03
112.9
112.9
112.9
112.9
112.9
113.79
114.25
114.25
114.51
115.41
116.45
119.46
119.47
120.68
127.6
127.87
129.47
129.47
132.87
138.5
139.04
70.17
70.17
74.62
86.13
84.59
84.59
84.27
83.85
83.85
83.85
83.85
83.85
83.85
83.69
83.69
82.47
82.47
82.47
82.47
82.47
82.47
82.47
82.47
82.47
82.47
83.68
84.91
84.91
84.91
84.91
84.91
84.91
84.91
84.91
84.91
84.91
85.14
85.14
85.14
88.15
88.15
88.15
89.95
91.78
91.78
93.06
93.86
94.18
94.18
94.18
94.18
94.18
94.18
94.18
94.18
94.18
94.05
90.27
88.47
88.47
88.47
88.47
88.47
88.47
88.47
88.47
88.47
88.47
93.95
93.95
93.9
93.61
93.61
93.61
93.61
93.61
93.61
93.61
93.61
93.61
92.84
92.84
92.84
92.5
92.5
92.5
92.5
92.5
90.58
89.9
88.81
87.41
87.41
87.41
87.41
87.41
87.41
87.41
87.41
87.41
87.41
87.71
87.71
89.21
89.21
89.21
89.21
89.4
89.54
89.7
89.7
89.93
89.93
89.93
92.41
92.41
92.41
92.41
92.41
92.41
92.41
92.41
92.41
92.41
93.39
95.6
98.95
102.01
107.8
109.27
109.27
109.62
109.62
109.89
111.03
112.9
112.9
112.9
112.9
112.9
113.79
114.25
114.25
114.51
115.41
116.45
119.46
119.47
120.68
127.6
127.87
129.47
129.47
132.87
138.5
139.04
70.17
74.62
86.13
84.59
84.59
84.27
83.85
83.85
83.85
83.85
83.85
83.85
83.69
83.69
82.47
82.47
82.47
82.47
82.47
82.47
82.47
82.47
82.47
82.47
83.68
84.91
84.91
84.91
84.91
84.91
84.91
84.91
84.91
84.91
84.91
85.14
85.14
85.14
88.15
88.15
88.15
89.95
91.78
91.78
93.06
93.86
94.18
94.18
94.18
94.18
94.18
94.18
94.18
94.18
94.18
94.05
90.27
88.47
88.47
88.47
88.47
88.47
88.47
88.47
88.47
88.47
88.47
93.95
93.95
93.9
93.61
93.61
93.61
93.61
93.61
93.61
93.61
93.61
93.61
92.84
92.84
92.84
92.5
92.5
92.5
92.5
92.5
90.58
89.9
88.81
87.41
87.41
87.41
87.41
87.41
87.41
87.41
87.41
87.41
87.41
87.71
87.71
89.21
89.21
89.21
89.21
89.4
89.54
89.7
89.7
89.93
89.93
89.93
92.41
92.41
92.41
92.41
92.41
92.41
92.41
92.41
92.41
92.41
93.39
95.6
98.95
102.01
107.8
109.27
109.27
109.62
109.62
109.89
111.03
112.9
112.9
112.9
112.9
112.9
113.79
114.25
114.25
114.51
115.41
116.45
119.46
119.47
120.68
127.6
127.87
129.47
129.47
132.87
138.5
139.04
74.62
86.13
84.59
84.59
84.27
83.85
83.85
83.85
83.85
83.85
83.85
83.69
83.69
82.47
82.47
82.47
82.47
82.47
82.47
82.47
82.47
82.47
82.47
83.68
84.91
84.91
84.91
84.91
84.91
84.91
84.91
84.91
84.91
84.91
85.14
85.14
85.14
88.15
88.15
88.15
89.95
91.78
91.78
93.06
93.86
94.18
94.18
94.18
94.18
94.18
94.18
94.18
94.18
94.18
94.05
90.27
88.47
88.47
88.47
88.47
88.47
88.47
88.47
88.47
88.47
88.47
93.95
93.95
93.9
93.61
93.61
93.61
93.61
93.61
93.61
93.61
93.61
93.61
92.84
92.84
92.84
92.5
92.5
92.5
92.5
92.5
90.58
89.9
88.81
87.41
87.41
87.41
87.41
87.41
87.41
87.41
87.41
87.41
87.41
87.71
87.71
89.21
89.21
89.21
89.21
89.4
89.54
89.7
89.7
89.93
89.93
89.93
92.41
92.41
92.41
92.41
92.41
92.41
92.41
92.41
92.41
92.41
93.39
95.6
98.95
102.01
107.8
109.27
109.27
109.62
109.62
109.89
111.03
112.9
112.9
112.9
112.9
112.9
113.79
114.25
114.25
114.51
115.41
116.45
119.46
119.47
120.68
127.6
127.87
129.47
129.47
132.87
138.5
139.04
84.91
85.14
85.14
85.14
88.15
88.15
88.15
89.95
91.78
91.78
93.06
93.86
94.18
94.18
94.18
94.18
94.18
94.18
94.18
94.18
94.18
85.14
85.14
88.15
88.15
88.15
89.95
91.78
91.78
93.06
93.86
94.18
94.18
94.18
94.18
94.18
94.18
94.18
94.18
94.18
85.14
88.15
88.15
88.15
89.95
91.78
91.78
93.06
93.86
94.18
94.18
94.18
94.18
94.18
94.18
94.18
94.18
94.18
94.05
90.27
88.47
88.47
88.47
88.47
88.47
88.47
88.47
88.47
88.47
88.47
93.95
93.95
93.9
93.61
93.61
93.61
93.61
93.61
93.61
93.61
93.61
93.61
92.84
92.84
92.84
92.5
92.5
92.5
92.5
92.5
90.58
89.9
88.81
87.41
87.41
87.41
87.41
87.41
87.41
87.41
87.41
87.41
87.41
87.71
87.71
89.21
89.21
89.21
89.21
89.4
89.54
89.7
89.7
89.93
89.93
89.93
92.41
92.41
92.41
92.41
92.41
92.41
92.41
92.41
92.41
92.41
93.39
95.6
98.95
102.01
107.8
109.27
109.27
109.62
109.62
109.89
111.03
112.9
112.9
112.9
112.9
112.9
113.79
114.25
114.25
114.51
115.41
116.45
119.46
119.47
120.68
127.6
127.87
129.47
129.47
132.87
138.5
139.04
88.15
88.15
88.15
89.95
91.78
91.78
93.06
93.86
94.18
94.18
94.18
94.18
94.18
94.18
94.18
94.18
94.18
94.05
90.27
88.47
88.47
88.47
88.47
88.47
88.47
88.47
88.47
88.47
88.47
93.95
93.95
93.9
93.61
93.61
93.61
93.61
93.61
93.61
93.61
93.61
93.61
92.84
92.84
92.84
92.5
92.5
92.5
92.5
92.5
90.58
89.9
88.81
87.41
87.41
87.41
87.41
87.41
87.41
87.41
87.41
87.41
87.41
87.71
87.71
89.21
89.21
89.21
89.21
89.4
89.54
89.7
89.7
89.93
89.93
89.93
92.41
92.41
92.41
92.41
92.41
92.41
92.41
92.41
92.41
92.41
93.39
95.6
98.95
102.01
107.8
109.27
109.27
109.62
109.62
109.89
111.03
112.9
112.9
112.9
112.9
112.9
113.79
114.25
114.25
114.51
115.41
116.45
119.46
119.47
120.68
127.6
127.87
129.47
129.47
132.87
138.5
139.04
88.15
89.95
91.78
91.78
93.06
93.86
94.18
94.18
94.18
94.18
94.18
94.18
94.18
94.18
94.18
94.05
90.27
88.47
88.47
88.47
88.47
88.47
88.47
88.47
88.47
88.47
88.47
93.95
93.95
93.9
93.61
93.61
93.61
93.61
93.61
93.61
93.61
93.61
93.61
92.84
92.84
92.84
92.5
92.5
92.5
92.5
92.5
90.58
89.9
88.81
87.41
87.41
87.41
87.41
87.41
87.41
87.41
87.41
87.41
87.41
87.71
87.71
89.21
89.21
89.21
89.21
89.4
89.54
89.7
89.7
89.93
89.93
89.93
92.41
92.41
92.41
92.41
92.41
92.41
92.41
92.41
92.41
92.41
93.39
95.6
98.95
102.01
107.8
109.27
109.27
109.62
109.62
109.89
111.03
112.9
112.9
112.9
112.9
112.9
113.79
114.25
114.25
114.51
115.41
116.45
119.46
119.47
120.68
127.6
127.87
129.47
129.47
132.87
138.5
139.04
89.95
91.78
91.78
93.06
93.86
94.18
94.18
94.18
94.18
94.18
94.18
94.18
94.18
94.18
94.05
90.27
88.47
88.47
88.47
88.47
88.47
88.47
88.47
88.47
88.47
88.47
93.95
93.95
93.9
93.61
93.61
93.61
93.61
93.61
93.61
93.61
93.61
93.61
92.84
92.84
92.84
92.5
92.5
92.5
92.5
92.5
90.58
89.9
88.81
87.41
87.41
87.41
87.41
87.41
87.41
87.41
87.41
87.41
87.41
87.71
87.71
89.21
89.21
89.21
89.21
89.4
89.54
89.7
89.7
89.93
89.93
89.93
92.41
92.41
92.41
92.41
92.41
92.41
92.41
92.41
92.41
92.41
93.39
95.6
98.95
102.01
107.8
109.27
109.27
109.62
109.62
109.89
111.03
112.9
112.9
112.9
112.9
112.9
113.79
114.25
114.25
114.51
115.41
116.45
119.46
119.47
120.68
127.6
127.87
129.47
129.47
132.87
138.5
139.04
94.18
94.18
94.05
90.27
88.47
88.47
88.47
88.47
88.47
88.47
88.47
88.47
88.47
88.47
93.95
93.95
93.9
93.61
93.61
93.61
93.61
93.61
93.61
93.61
93.61
93.61
92.84
92.84
92.84
92.5
92.5
92.5
92.5
92.5
90.58
89.9
88.81
87.41
87.41
87.41
87.41
87.41
87.41
87.41
87.41
87.41
87.41
87.71
87.71
89.21
89.21
89.21
89.21
89.4
89.54
89.7
89.7
89.93
89.93
89.93
92.41
92.41
92.41
92.41
92.41
92.41
92.41
92.41
92.41
92.41
93.39
95.6
98.95
102.01
107.8
109.27
109.27
109.62
109.62
109.89
111.03
112.9
112.9
112.9
112.9
112.9
113.79
114.25
114.25
114.51
115.41
116.45
119.46
119.47
120.68
127.6
127.87
129.47
129.47
132.87
138.5
139.04
88.47
88.47
88.47
88.47
93.95
93.95
93.9
93.61
93.61
93.61
93.61
93.61
93.61
93.61
93.61
93.61
92.84
92.84
92.84
92.5
92.5
92.5
92.5
92.5
90.58
89.9
88.81
87.41
87.41
87.41
87.41
87.41
87.41
87.41
87.41
87.41
87.41
87.71
87.71
89.21
89.21
89.21
89.21
89.4
89.54
89.7
89.7
89.93
89.93
89.93
92.41
92.41
92.41
92.41
92.41
92.41
92.41
92.41
92.41
92.41
93.39
95.6
98.95
102.01
107.8
109.27
109.27
109.62
109.62
109.89
111.03
112.9
112.9
112.9
112.9
112.9
113.79
114.25
114.25
114.51
115.41
116.45
119.46
119.47
120.68
127.6
127.87
129.47
129.47
132.87
138.5
139.04
89.4
89.54
89.7
89.7
89.93
89.93
89.93
92.41
92.41
92.41
92.41
92.41
92.41
92.41
92.41
92.41
92.41
93.39
95.6
98.95
102.01
107.8
109.27
109.27
109.62
109.62
109.89
111.03
112.9
112.9
112.9
112.9
112.9
113.79
114.25
114.25
114.51
115.41
116.45
119.46
119.47
120.68
127.6
127.87
129.47
129.47
132.87
138.5
139.04
92.41
92.41
92.41
92.41
92.41
92.41
92.41
93.39
95.6
98.95
102.01
107.8
109.27
109.27
109.62
109.62
109.89
111.03
112.9
112.9
112.9
112.9
112.9
113.79
114.25
114.25
114.51
115.41
116.45
119.46
119.47
120.68
127.6
127.87
129.47
129.47
132.87
138.5
139.04
92.41
92.41
92.41
92.41
92.41
92.41
93.39
95.6
98.95
102.01
107.8
109.27
109.27
109.62
109.62
109.89
111.03
112.9
112.9
112.9
112.9
112.9
113.79
114.25
114.25
114.51
115.41
116.45
119.46
119.47
120.68
127.6
127.87
129.47
129.47
132.87
138.5
139.04
92.41
92.41
92.41
92.41
92.41
93.39
95.6
98.95
102.01
107.8
109.27
109.27
109.62
109.62
109.89
111.03
112.9
112.9
112.9
112.9
112.9
113.79
114.25
114.25
114.51
115.41
116.45
119.46
119.47
120.68
127.6
127.87
129.47
129.47
132.87
138.5
139.04
92.41
92.41
92.41
92.41
93.39
95.6
98.95
102.01
107.8
109.27
109.27
109.62
109.62
109.89
111.03
112.9
112.9
112.9
112.9
112.9
113.79
114.25
114.25
114.51
115.41
116.45
119.46
119.47
120.68
127.6
127.87
129.47
129.47
132.87
138.5
139.04
102.01
107.8
109.27
109.27
109.62
109.62
109.89
111.03
112.9
112.9
112.9
112.9
112.9
113.79
114.25
114.25
114.51
115.41
116.45
119.46
119.47
120.68
127.6
127.87
129.47
129.47
132.87
138.5
139.04
107.8
109.27
109.27
109.62
109.62
109.89
111.03
112.9
112.9
112.9
112.9
112.9
113.79
114.25
114.25
114.51
115.41
116.45
119.46
119.47
120.68
127.6
127.87
129.47
129.47
132.87
138.5
139.04
109.62
109.89
111.03
112.9
112.9
112.9
112.9
112.9
113.79
114.25
114.25
114.51
115.41
116.45
119.46
119.47
120.68
127.6
127.87
129.47
129.47
132.87
138.5
139.04
112.9
112.9
112.9
113.79
114.25
114.25
114.51
115.41
116.45
119.46
119.47
120.68
127.6
127.87
129.47
129.47
132.87
138.5
139.04
112.9
112.9
113.79
114.25
114.25
114.51
115.41
116.45
119.46
119.47
120.68
127.6
127.87
129.47
129.47
132.87
138.5
139.04
112.9
113.79
114.25
114.25
114.51
115.41
116.45
119.46
119.47
120.68
127.6
127.87
129.47
129.47
132.87
138.5
139.04
113.79
114.25
114.25
114.51
115.41
116.45
119.46
119.47
120.68
127.6
127.87
129.47
129.47
132.87
138.5
139.04
114.25
114.25
114.51
115.41
116.45
119.46
119.47
120.68
127.6
127.87
129.47
129.47
132.87
138.5
139.04
114.51
115.41
116.45
119.46
119.47
120.68
127.6
127.87
129.47
129.47
132.87
138.5
139.04
116.45
119.46
119.47
120.68
127.6
127.87
129.47
129.47
132.87
138.5
139.04
119.46
119.47
120.68
127.6
127.87
129.47
129.47
132.87
138.5
139.04
137.26
137.26
137.26
137.26
137.26
137.26
137.26
137.26
137.26
137.26
138.58
140.0
143.21
143.78
144.51
144.71
145.48
145.48
145.48
145.48
145.48
145.48
145.62
145.62
145.75
145.75
145.75
145.75
147.78
147.78
119.47
120.68
127.6
127.87
129.47
129.47
132.87
138.5
139.04
137.26
137.26
137.26
137.26
137.26
137.26
137.26
137.26
137.26
137.26
138.58
140.0
143.21
143.78
144.51
144.71
145.48
145.48
145.48
145.48
145.48
145.48
145.62
145.62
145.75
145.75
145.75
145.75
147.78
147.78
127.87
129.47
129.47
132.87
138.5
139.04
137.26
137.26
137.26
137.26
137.26
137.26
137.26
137.26
137.26
137.26
138.58
140.0
143.21
143.78
144.51
144.71
145.48
145.48
145.48
145.48
145.48
145.48
145.62
145.62
145.75
145.75
145.75
145.75
147.78
147.78
146.6
143.74
143.74
143.74
143.74
143.74
143.74
143.74
143.74
142.7
141.88
141.88
141.86
141.86
141.86
139.86
139.86
136.87
136.87
136.87
136.87
136.87
136.87
136.87
136.87
136.87
136.87
139.65
141.14
141.15
141.65
142.86
142.86
142.86
142.98
143.41
143.41
147.29
147.55
149.4
149.95
149.95
149.95
149.95
149.95
151.74
152.85
152.85
152.85
152.85
152.85
152.85
152.85
137.26
137.26
138.58
140.0
143.21
143.78
144.51
144.71
145.48
145.48
145.48
145.48
145.48
145.48
145.62
145.62
145.75
145.75
145.75
145.75
147.78
147.78
146.6
143.74
143.74
143.74
143.74
143.74
143.74
143.74
143.74
142.7
141.88
141.88
141.86
141.86
141.86
139.86
139.86
136.87
136.87
136.87
136.87
136.87
136.87
136.87
136.87
136.87
136.87
139.65
141.14
141.15
141.65
142.86
142.86
142.86
142.98
143.41
143.41
147.29
147.55
149.4
149.95
149.95
149.95
149.95
149.95
151.74
152.85
152.85
152.85
152.85
152.85
152.85
152.85
137.26
138.58
140.0
143.21
143.78
144.51
144.71
145.48
145.48
145.48
145.48
145.48
145.48
145.62
145.62
145.75
145.75
145.75
145.75
147.78
147.78
146.6
143.74
143.74
143.74
143.74
143.74
143.74
143.74
143.74
142.7
141.88
141.88
141.86
141.86
141.86
139.86
139.86
136.87
136.87
136.87
136.87
136.87
136.87
136.87
136.87
136.87
136.87
139.65
141.14
141.15
141.65
142.86
142.86
142.86
142.98
143.41
143.41
147.29
147.55
149.4
149.95
149.95
149.95
149.95
149.95
151.74
152.85
152.85
152.85
152.85
152.85
152.85
152.85
150.33
148.57
147.92
147.92
147.92
147.92
147.92
147.92
147.92
147.92
147.92
147.92
151.45
151.45
151.45
151.45
169.78
173.28
173.28
176.35
176.35
178.91
185.88
189.39
189.39
189.39
189.39
189.39
189.39
189.39
195.0
195.0
196.2
196.2
198.88
199.9
199.9
201.57
201.57
201.57
201.57
201.57
201.57
201.91
201.91
201.91
201.91
201.91
201.91
204.4
204.4
206.1
208.54
209.27
209.86
145.48
145.48
145.62
145.62
145.75
145.75
145.75
145.75
147.78
147.78
146.6
143.74
143.74
143.74
143.74
143.74
143.74
143.74
143.74
142.7
141.88
141.88
141.86
141.86
141.86
139.86
139.86
136.87
136.87
136.87
136.87
136.87
136.87
136.87
136.87
136.87
136.87
139.65
141.14
141.15
141.65
142.86
142.86
142.86
142.98
143.41
143.41
147.29
147.55
149.4
149.95
149.95
149.95
149.95
149.95
151.74
152.85
152.85
152.85
152.85
152.85
152.85
152.85
150.33
148.57
147.92
147.92
147.92
147.92
147.92
147.92
147.92
147.92
147.92
147.92
151.45
151.45
151.45
151.45
169.78
173.28
173.28
176.35
176.35
178.91
185.88
189.39
189.39
189.39
189.39
189.39
189.39
189.39
195.0
195.0
196.2
196.2
198.88
199.9
199.9
201.57
201.57
201.57
201.57
201.57
201.57
201.91
201.91
201.91
201.91
201.91
201.91
204.4
204.4
206.1
208.54
209.27
209.86
145.75
145.75
145.75
147.78
147.78
146.6
143.74
143.74
143.74
143.74
143.74
143.74
143.74
143.74
142.7
141.88
141.88
141.86
141.86
141.86
139.86
139.86
136.87
136.87
136.87
136.87
136.87
136.87
136.87
136.87
136.87
136.87
139.65
141.14
141.15
141.65
142.86
142.86
142.86
142.98
143.41
143.41
147.29
147.55
149.4
149.95
149.95
149.95
149.95
149.95
151.74
152.85
152.85
152.85
152.85
152.85
152.85
152.85
150.33
148.57
147.92
147.92
147.92
147.92
147.92
147.92
147.92
147.92
147.92
147.92
151.45
151.45
151.45
151.45
169.78
173.28
173.28
176.35
176.35
178.91
185.88
189.39
189.39
189.39
189.39
189.39
189.39
189.39
195.0
195.0
196.2
196.2
198.88
199.9
199.9
201.57
201.57
201.57
201.57
201.57
201.57
201.91
201.91
201.91
201.91
201.91
201.91
204.4
204.4
206.1
208.54
209.27
209.86
141.65
142.86
142.86
142.86
142.98
143.41
143.41
147.29
147.55
149.4
149.95
149.95
149.95
149.95
149.95
151.74
152.85
152.85
152.85
152.85
152.85
152.85
152.85
142.86
142.86
142.86
142.98
143.41
143.41
147.29
147.55
149.4
149.95
149.95
149.95
149.95
149.95
151.74
152.85
152.85
152.85
152.85
152.85
152.85
152.85
150.33
148.57
147.92
147.92
147.92
147.92
147.92
147.92
147.92
147.92
147.92
147.92
151.45
151.45
151.45
151.45
169.78
173.28
173.28
176.35
176.35
178.91
185.88
189.39
189.39
189.39
189.39
189.39
189.39
189.39
195.0
195.0
196.2
196.2
198.88
199.9
199.9
201.57
201.57
201.57
201.57
201.57
201.57
201.91
201.91
201.91
201.91
201.91
201.91
204.4
204.4
206.1
208.54
209.27
209.86
149.95
149.95
149.95
149.95
149.95
151.74
152.85
152.85
152.85
152.85
152.85
152.85
152.85
150.33
148.57
147.92
147.92
147.92
147.92
147.92
147.92
147.92
147.92
147.92
147.92
151.45
151.45
151.45
151.45
169.78
173.28
173.28
176.35
176.35
178.91
185.88
189.39
189.39
189.39
189.39
189.39
189.39
189.39
195.0
195.0
196.2
196.2
198.88
199.9
199.9
201.57
201.57
201.57
201.57
201.57
201.57
201.91
201.91
201.91
201.91
201.91
201.91
204.4
204.4
206.1
208.54
209.27
209.86
149.95
149.95
149.95
149.95
151.74
152.85
152.85
152.85
152.85
152.85
152.85
152.85
150.33
148.57
147.92
147.92
147.92
147.92
147.92
147.92
147.92
147.92
147.92
147.92
151.45
151.45
151.45
151.45
169.78
173.28
173.28
176.35
176.35
178.91
185.88
189.39
189.39
189.39
189.39
189.39
189.39
189.39
195.0
195.0
196.2
196.2
198.88
199.9
199.9
201.57
201.57
201.57
201.57
201.57
201.57
201.91
201.91
201.91
201.91
201.91
201.91
204.4
204.4
206.1
208.54
209.27
209.86
152.85
152.85
152.85
152.85
152.85
152.85
150.33
148.57
147.92
147.92
147.92
147.92
147.92
147.92
147.92
147.92
147.92
147.92
151.45
151.45
151.45
151.45
169.78
173.28
173.28
176.35
176.35
178.91
185.88
189.39
189.39
189.39
189.39
189.39
189.39
189.39
195.0
195.0
196.2
196.2
198.88
199.9
199.9
201.57
201.57
201.57
201.57
201.57
201.57
201.91
201.91
201.91
201.91
201.91
201.91
204.4
204.4
206.1
208.54
209.27
209.86
147.92
147.92
147.92
147.92
147.92
151.45
151.45
151.45
151.45
169.78
173.28
173.28
176.35
176.35
178.91
185.88
189.39
189.39
189.39
189.39
189.39
189.39
189.39
195.0
195.0
196.2
196.2
198.88
199.9
199.9
201.57
201.57
201.57
201.57
201.57
201.57
201.91
201.91
201.91
201.91
201.91
201.91
204.4
204.4
206.1
208.54
209.27
209.86
147.92
147.92
147.92
147.92
151.45
151.45
151.45
151.45
169.78
173.28
173.28
176.35
176.35
178.91
185.88
189.39
189.39
189.39
189.39
189.39
189.39
189.39
195.0
195.0
196.2
196.2
198.88
199.9
199.9
201.57
201.57
201.57
201.57
201.57
201.57
201.91
201.91
201.91
201.91
201.91
201.91
204.4
204.4
206.1
208.54
209.27
209.86
147.92
151.45
151.45
151.45
151.45
169.78
173.28
173.28
176.35
176.35
178.91
185.88
189.39
189.39
189.39
189.39
189.39
189.39
189.39
195.0
195.0
196.2
196.2
198.88
199.9
199.9
201.57
201.57
201.57
201.57
201.57
201.57
201.91
201.91
201.91
201.91
201.91
201.91
204.4
204.4
206.1
208.54
209.27
209.86
151.45
151.45
151.45
169.78
173.28
173.28
176.35
176.35
178.91
185.88
189.39
189.39
189.39
189.39
189.39
189.39
189.39
195.0
195.0
196.2
196.2
198.88
199.9
199.9
201.57
201.57
201.57
201.57
201.57
201.57
201.91
201.91
201.91
201.91
201.91
201.91
204.4
204.4
206.1
208.54
209.27
209.86
151.45
169.78
173.28
173.28
176.35
176.35
178.91
185.88
189.39
189.39
189.39
189.39
189.39
189.39
189.39
195.0
195.0
196.2
196.2
198.88
199.9
199.9
201.57
201.57
201.57
201.57
201.57
201.57
201.91
201.91
201.91
201.91
201.91
201.91
204.4
204.4
206.1
208.54
209.27
209.86
169.78
173.28
173.28
176.35
176.35
178.91
185.88
189.39
189.39
189.39
189.39
189.39
189.39
189.39
195.0
195.0
196.2
196.2
198.88
199.9
199.9
201.57
201.57
201.57
201.57
201.57
201.57
201.91
201.91
201.91
201.91
201.91
201.91
204.4
204.4
206.1
208.54
209.27
209.86
173.28
173.28
176.35
176.35
178.91
185.88
189.39
189.39
189.39
189.39
189.39
189.39
189.39
195.0
195.0
196.2
196.2
198.88
199.9
199.9
201.57
201.57
201.57
201.57
201.57
201.57
201.91
201.91
201.91
201.91
201.91
201.91
204.4
204.4
206.1
208.54
209.27
209.86
173.28
176.35
176.35
178.91
185.88
189.39
189.39
189.39
189.39
189.39
189.39
189.39
195.0
195.0
196.2
196.2
198.88
199.9
199.9
201.57
201.57
201.57
201.57
201.57
201.57
201.91
201.91
201.91
201.91
201.91
201.91
204.4
204.4
206.1
208.54
209.27
209.86
185.88
189.39
189.39
189.39
189.39
189.39
189.39
189.39
195.0
195.0
196.2
196.2
198.88
199.9
199.9
201.57
201.57
201.57
201.57
201.57
201.57
201.91
201.91
201.91
201.91
201.91
201.91
204.4
204.4
206.1
208.54
209.27
209.86
189.39
189.39
189.39
189.39
195.0
195.0
196.2
196.2
198.88
199.9
199.9
201.57
201.57
201.57
201.57
201.57
201.57
201.91
201.91
201.91
201.91
201.91
201.91
204.4
204.4
206.1
208.54
209.27
209.86
189.39
189.39
189.39
195.0
195.0
196.2
196.2
198.88
199.9
199.9
201.57
201.57
201.57
201.57
201.57
201.57
201.91
201.91
201.91
201.91
201.91
201.91
204.4
204.4
206.1
208.54
209.27
209.86
195.0
195.0
196.2
196.2
198.88
199.9
199.9
201.57
201.57
201.57
201.57
201.57
201.57
201.91
201.91
201.91
201.91
201.91
201.91
204.4
204.4
206.1
208.54
209.27
209.86
207.22
207.22
207.22
207.22
207.22
207.22
207.22
207.22
207.22
207.22
217.4
222.23
195.0
196.2
196.2
198.88
199.9
199.9
201.57
201.57
201.57
201.57
201.57
201.57
201.91
201.91
201.91
201.91
201.91
201.91
204.4
204.4
206.1
208.54
209.27
209.86
207.22
207.22
207.22
207.22
207.22
207.22
207.22
207.22
207.22
207.22
217.4
222.23
196.2
196.2
198.88
199.9
199.9
201.57
201.57
201.57
201.57
201.57
201.57
201.91
201.91
201.91
201.91
201.91
201.91
204.4
204.4
206.1
208.54
209.27
209.86
207.22
207.22
207.22
207.22
207.22
207.22
207.22
207.22
207.22
207.22
217.4
222.23
201.91
201.91
204.4
204.4
206.1
208.54
209.27
209.86
207.22
207.22
207.22
207.22
207.22
207.22
207.22
207.22
207.22
207.22
217.4
222.23
204.4
204.4
206.1
208.54
209.27
209.86
207.22
207.22
207.22
207.22
207.22
207.22
207.22
207.22
207.22
207.22
217.4
222.23
204.4
206.1
208.54
209.27
209.86
207.22
207.22
207.22
207.22
207.22
207.22
207.22
207.22
207.22
207.22
217.4
222.23
206.1
208.54
209.27
209.86
207.22
207.22
207.22
207.22
207.22
207.22
207.22
207.22
207.22
207.22
217.4
222.23
207.22
207.22
207.22
207.22
207.22
207.22
207.22
207.22
217.4
222.23
218.0
199.53
199.53
199.53
199.53
199.53
207.22
207.22
207.22
207.22
207.22
207.22
207.22
217.4
222.23
218.0
199.53
199.53
199.53
199.53
199.53
207.22
207.22
207.22
207.22
207.22
207.22
217.4
222.23
218.0
199.53
199.53
199.53
199.53
199.53
207.22
207.22
207.22
207.22
207.22
217.4
222.23
218.0
199.53
199.53
199.53
199.53
199.53
207.22
207.22
207.22
217.4
222.23
218.0
199.53
199.53
199.53
199.53
199.53
207.22
207.22
217.4
222.23
218.0
199.53
199.53
199.53
199.53
199.53
The starting equity is 1000000
('19-Aug-04', 49.960000000000001)
('20-Aug-04', 50.689999999999998)
('23-Aug-04', 55.32)
('24-Aug-04', 55.560000000000002)
('25-Aug-04', 52.43)
('26-Aug-04', 52.420000000000002)
('27-Aug-04', 54.0)
('30-Aug-04', 52.689999999999998)
('31-Aug-04', 51.109999999999999)
('01-Sep-04', 51.299999999999997)
('02-Sep-04', 49.5)
('03-Sep-04', 50.420000000000002)
('07-Sep-04', 50.450000000000003)
('08-Sep-04', 50.32)
('09-Sep-04', 51.200000000000003)
('10-Sep-04', 50.75)
('13-Sep-04', 53.259999999999998)
('14-Sep-04', 53.670000000000002)
('15-Sep-04', 55.219999999999999)
('16-Sep-04', 56.109999999999999)
('17-Sep-04', 57.149999999999999)
entry: 57.15, stop: 56.1, date: 17-Sep-04, type: 0, unit size: 83
After adding units 995256.55
entry: 57.15, stop: 56.1, date: 17-Sep-04, type: 0, unit size: 83
After adding units 990513.1
entry: 57.15, stop: 56.1, date: 17-Sep-04, type: 0, unit size: 83
After adding units 985769.65
entry: 57.15, stop: 56.1, date: 17-Sep-04, type: 0, unit size: 83
After adding units 981026.2
entry: 57.15, stop: 56.1, date: 17-Sep-04, type: 0, unit size: 83
After adding units 976282.75
entry: 57.15, stop: 56.1, date: 17-Sep-04, type: 0, unit size: 83
After adding units 971539.3
entry: 57.15, stop: 56.1, date: 17-Sep-04, type: 0, unit size: 83
After adding units 966795.85
entry: 57.15, stop: 56.1, date: 17-Sep-04, type: 0, unit size: 83
After adding units 962052.4
entry: 57.15, stop: 56.1, date: 17-Sep-04, type: 0, unit size: 83
After adding units 957308.95
entry: 57.15, stop: 56.1, date: 17-Sep-04, type: 0, unit size: 83
After adding units 952565.5
49.95
49.95
49.95
49.95
49.95
49.95
49.95
49.95
49.95
49.95
('20-Sep-04', 58.420000000000002)
49.95
49.95
49.95
49.95
49.95
49.95
49.95
49.95
49.95
49.95
('21-Sep-04', 60.039999999999999)
50.74
50.74
50.74
50.74
50.74
50.74
50.74
50.74
50.74
50.74
('22-Sep-04', 58.670000000000002)
51.1
51.1
51.1
51.1
51.1
51.1
51.1
51.1
51.1
51.1
('23-Sep-04', 59.359999999999999)
51.1
51.1
51.1
51.1
51.1
51.1
51.1
51.1
51.1
51.1
('24-Sep-04', 60.420000000000002)
52.61
52.61
52.61
52.61
52.61
52.61
52.61
52.61
52.61
52.61
('27-Sep-04', 59.719999999999999)
53.7
53.7
53.7
53.7
53.7
53.7
53.7
53.7
53.7
53.7
('28-Sep-04', 60.509999999999998)
55.69
55.69
55.69
55.69
55.69
55.69
55.69
55.69
55.69
55.69
('29-Sep-04', 63.200000000000003)
55.94
55.94
55.94
55.94
55.94
55.94
55.94
55.94
55.94
55.94
('30-Sep-04', 64.879999999999995)
56.93
56.93
56.93
56.93
56.93
56.93
56.93
56.93
56.93
56.93
('01-Oct-04', 65.329999999999998)
58.69
58.69
58.69
58.69
58.69
58.69
58.69
58.69
58.69
58.69
('04-Oct-04', 67.840000000000003)
58.86
58.86
58.86
58.86
58.86
58.86
58.86
58.86
58.86
58.86
('05-Oct-04', 67.260000000000005)
58.86
58.86
58.86
58.86
58.86
58.86
58.86
58.86
58.86
58.86
('06-Oct-04', 68.769999999999996)
59.07
59.07
59.07
59.07
59.07
59.07
59.07
59.07
59.07
59.07
('07-Oct-04', 68.209999999999994)
59.07
59.07
59.07
59.07
59.07
59.07
59.07
59.07
59.07
59.07
('08-Oct-04', 69.299999999999997)
59.07
59.07
59.07
59.07
59.07
59.07
59.07
59.07
59.07
59.07
('11-Oct-04', 68.439999999999998)
59.07
59.07
59.07
59.07
59.07
59.07
59.07
59.07
59.07
59.07
('12-Oct-04', 67.180000000000007)
63.37
63.37
63.37
63.37
63.37
63.37
63.37
63.37
63.37
63.37
('13-Oct-04', 71.590000000000003)
64.74
64.74
64.74
64.74
64.74
64.74
64.74
64.74
64.74
64.74
('14-Oct-04', 70.439999999999998)
64.74
64.74
64.74
64.74
64.74
64.74
64.74
64.74
64.74
64.74
('15-Oct-04', 72.400000000000006)
66.22
66.22
66.22
66.22
66.22
66.22
66.22
66.22
66.22
66.22
('18-Oct-04', 71.530000000000001)
67.46
67.46
67.46
67.46
67.46
67.46
67.46
67.46
67.46
67.46
('19-Oct-04', 75.170000000000002)
67.56
67.56
67.56
67.56
67.56
67.56
67.56
67.56
67.56
67.56
('20-Oct-04', 73.900000000000006)
67.56
67.56
67.56
67.56
67.56
67.56
67.56
67.56
67.56
67.56
('21-Oct-04', 71.989999999999995)
67.56
67.56
67.56
67.56
67.56
67.56
67.56
67.56
67.56
67.56
('22-Oct-04', 85.129999999999995)
67.56
67.56
67.56
67.56
67.56
67.56
67.56
67.56
67.56
67.56
('25-Oct-04', 88.049999999999997)
67.56
67.56
67.56
67.56
67.56
67.56
67.56
67.56
67.56
67.56
('26-Oct-04', 93.129999999999995)
68.63
68.63
68.63
68.63
68.63
68.63
68.63
68.63
68.63
68.63
('27-Oct-04', 91.049999999999997)
70.17
70.17
70.17
70.17
70.17
70.17
70.17
70.17
70.17
70.17
('28-Oct-04', 93.219999999999999)
70.17
70.17
70.17
70.17
70.17
70.17
70.17
70.17
70.17
70.17
('29-Oct-04', 99.340000000000003)
70.17
70.17
70.17
70.17
70.17
70.17
70.17
70.17
70.17
70.17
('01-Nov-04', 96.650000000000006)
70.17
70.17
70.17
70.17
70.17
70.17
70.17
70.17
70.17
70.17
('02-Nov-04', 99.269999999999996)
70.17
70.17
70.17
70.17
70.17
70.17
70.17
70.17
70.17
70.17
('03-Nov-04', 99.0)
70.17
70.17
70.17
70.17
70.17
70.17
70.17
70.17
70.17
70.17
('04-Nov-04', 94.030000000000001)
74.62
74.62
74.62
74.62
74.62
74.62
74.62
74.62
74.62
74.62
('05-Nov-04', 90.909999999999997)
86.13
86.13
86.13
86.13
86.13
86.13
86.13
86.13
86.13
86.13
('08-Nov-04', 85.379999999999995)
84.59
84.59
84.59
84.59
84.59
84.59
84.59
84.59
84.59
84.59
('09-Nov-04', 86.959999999999994)
84.59
84.59
84.59
84.59
84.59
84.59
84.59
84.59
84.59
84.59
('10-Nov-04', 85.25)
84.27
84.27
84.27
84.27
84.27
84.27
84.27
84.27
84.27
84.27
('11-Nov-04', 84.480000000000004)
83.85
83.85
83.85
83.85
83.85
83.85
83.85
83.85
83.85
83.85
('12-Nov-04', 92.519999999999996)
83.85
83.85
83.85
83.85
83.85
83.85
83.85
83.85
83.85
83.85
('15-Nov-04', 90.129999999999995)
83.85
83.85
83.85
83.85
83.85
83.85
83.85
83.85
83.85
83.85
('16-Nov-04', 88.659999999999997)
83.85
83.85
83.85
83.85
83.85
83.85
83.85
83.85
83.85
83.85
('17-Nov-04', 84.430000000000007)
83.85
83.85
83.85
83.85
83.85
83.85
83.85
83.85
83.85
83.85
('18-Nov-04', 85.109999999999999)
83.85
83.85
83.85
83.85
83.85
83.85
83.85
83.85
83.85
83.85
('19-Nov-04', 84.450000000000003)
83.69
83.69
83.69
83.69
83.69
83.69
83.69
83.69
83.69
83.69
('22-Nov-04', 84.239999999999995)
83.69
83.69
83.69
83.69
83.69
83.69
83.69
83.69
83.69
83.69
('23-Nov-04', 83.870000000000005)
82.47
82.47
82.47
82.47
82.47
82.47
82.47
82.47
82.47
82.47
('24-Nov-04', 87.329999999999998)
82.47
82.47
82.47
82.47
82.47
82.47
82.47
82.47
82.47
82.47
('26-Nov-04', 87.810000000000002)
82.47
82.47
82.47
82.47
82.47
82.47
82.47
82.47
82.47
82.47
('29-Nov-04', 90.040000000000006)
82.47
82.47
82.47
82.47
82.47
82.47
82.47
82.47
82.47
82.47
('30-Nov-04', 90.260000000000005)
82.47
82.47
82.47
82.47
82.47
82.47
82.47
82.47
82.47
82.47
('01-Dec-04', 90.790000000000006)
82.47
82.47
82.47
82.47
82.47
82.47
82.47
82.47
82.47
82.47
('02-Dec-04', 89.859999999999999)
82.47
82.47
82.47
82.47
82.47
82.47
82.47
82.47
82.47
82.47
('03-Dec-04', 89.909999999999997)
82.47
82.47
82.47
82.47
82.47
82.47
82.47
82.47
82.47
82.47
('06-Dec-04', 89.480000000000004)
82.47
82.47
82.47
82.47
82.47
82.47
82.47
82.47
82.47
82.47
('07-Dec-04', 87.909999999999997)
82.47
82.47
82.47
82.47
82.47
82.47
82.47
82.47
82.47
82.47
('08-Dec-04', 85.200000000000003)
83.68
83.68
83.68
83.68
83.68
83.68
83.68
83.68
83.68
83.68
('09-Dec-04', 85.040000000000006)
84.91
84.91
84.91
84.91
84.91
84.91
84.91
84.91
84.91
84.91
('10-Dec-04', 86.629999999999995)
84.91
84.91
84.91
84.91
84.91
84.91
84.91
84.91
84.91
84.91
('13-Dec-04', 85.930000000000007)
84.91
84.91
84.91
84.91
84.91
84.91
84.91
84.91
84.91
84.91
('14-Dec-04', 85.409999999999997)
84.91
84.91
84.91
84.91
84.91
84.91
84.91
84.91
84.91
84.91
('15-Dec-04', 88.909999999999997)
84.91
84.91
84.91
84.91
84.91
84.91
84.91
84.91
84.91
84.91
('16-Dec-04', 88.519999999999996)
84.91
84.91
84.91
84.91
84.91
84.91
84.91
84.91
84.91
84.91
('17-Dec-04', 88.290000000000006)
84.91
84.91
84.91
84.91
84.91
84.91
84.91
84.91
84.91
84.91
('20-Dec-04', 90.909999999999997)
84.91
84.91
84.91
84.91
84.91
84.91
84.91
84.91
84.91
84.91
('21-Dec-04', 93.049999999999997)
84.91
84.91
84.91
84.91
84.91
84.91
84.91
84.91
84.91
84.91
('22-Dec-04', 91.859999999999999)
84.91
84.91
84.91
84.91
84.91
84.91
84.91
84.91
84.91
84.91
('23-Dec-04', 93.629999999999995)
85.14
85.14
85.14
85.14
85.14
85.14
85.14
85.14
85.14
85.14
('27-Dec-04', 94.480000000000004)
85.14
85.14
85.14
85.14
85.14
85.14
85.14
85.14
85.14
85.14
('28-Dec-04', 95.959999999999994)
85.14
85.14
85.14
85.14
85.14
85.14
85.14
85.14
85.14
85.14
('29-Dec-04', 95.890000000000001)
88.15
88.15
88.15
88.15
88.15
88.15
88.15
88.15
88.15
88.15
('30-Dec-04', 96.390000000000001)
88.15
88.15
88.15
88.15
88.15
88.15
88.15
88.15
88.15
88.15
('31-Dec-04', 99.519999999999996)
88.15
88.15
88.15
88.15
88.15
88.15
88.15
88.15
88.15
88.15
('03-Jan-05', 98.599999999999994)
89.95
89.95
89.95
89.95
89.95
89.95
89.95
89.95
89.95
89.95
('04-Jan-05', 100.56)
91.78
91.78
91.78
91.78
91.78
91.78
91.78
91.78
91.78
91.78
('05-Jan-05', 96.629999999999995)
91.78
91.78
91.78
91.78
91.78
91.78
91.78
91.78
91.78
91.78
('06-Jan-05', 97.530000000000001)
93.06
93.06
93.06
93.06
93.06
93.06
93.06
93.06
93.06
93.06
('07-Jan-05', 95.219999999999999)
93.86
93.86
93.86
93.86
93.86
93.86
93.86
93.86
93.86
93.86
('10-Jan-05', 97.150000000000006)
94.18
94.18
94.18
94.18
94.18
94.18
94.18
94.18
94.18
94.18
('11-Jan-05', 97.709999999999994)
94.18
94.18
94.18
94.18
94.18
94.18
94.18
94.18
94.18
94.18
('12-Jan-05', 97.069999999999993)
94.18
94.18
94.18
94.18
94.18
94.18
94.18
94.18
94.18
94.18
('13-Jan-05', 97.590000000000003)
94.18
94.18
94.18
94.18
94.18
94.18
94.18
94.18
94.18
94.18
('14-Jan-05', 97.900000000000006)
94.18
94.18
94.18
94.18
94.18
94.18
94.18
94.18
94.18
94.18
('18-Jan-05', 100.34)
94.18
94.18
94.18
94.18
94.18
94.18
94.18
94.18
94.18
94.18
('19-Jan-05', 102.22)
94.18
94.18
94.18
94.18
94.18
94.18
94.18
94.18
94.18
94.18
('20-Jan-05', 96.189999999999998)
94.18
94.18
94.18
94.18
94.18
94.18
94.18
94.18
94.18
94.18
('21-Jan-05', 97.120000000000005)
94.18
94.18
94.18
94.18
94.18
94.18
94.18
94.18
94.18
94.18
('24-Jan-05', 94.25)
94.05
94.05
94.05
94.05
94.05
94.05
94.05
94.05
94.05
94.05
('25-Jan-05', 91.010000000000005)
90.27
90.27
90.27
90.27
90.27
90.27
90.27
90.27
90.27
90.27
('26-Jan-05', 89.549999999999997)
88.47
88.47
88.47
88.47
88.47
88.47
88.47
88.47
88.47
88.47
('27-Jan-05', 94.290000000000006)
88.47
88.47
88.47
88.47
88.47
88.47
88.47
88.47
88.47
88.47
('28-Jan-05', 94.909999999999997)
88.47
88.47
88.47
88.47
88.47
88.47
88.47
88.47
88.47
88.47
('31-Jan-05', 96.75)
88.47
88.47
88.47
88.47
88.47
88.47
88.47
88.47
88.47
88.47
('01-Feb-05', 97.090000000000003)
88.47
88.47
88.47
88.47
88.47
88.47
88.47
88.47
88.47
88.47
('02-Feb-05', 107.67)
88.47
88.47
88.47
88.47
88.47
88.47
88.47
88.47
88.47
88.47
('03-Feb-05', 102.89)
88.47
88.47
88.47
88.47
88.47
88.47
88.47
88.47
88.47
88.47
('04-Feb-05', 103.13)
88.47
88.47
88.47
88.47
88.47
88.47
88.47
88.47
88.47
88.47
('07-Feb-05', 102.53)
88.47
88.47
88.47
88.47
88.47
88.47
88.47
88.47
88.47
88.47
('08-Feb-05', 98.379999999999995)
88.47
88.47
88.47
88.47
88.47
88.47
88.47
88.47
88.47
88.47
('09-Feb-05', 100.28)
93.95
93.95
93.95
93.95
93.95
93.95
93.95
93.95
93.95
93.95
('10-Feb-05', 95.890000000000001)
93.95
93.95
93.95
93.95
93.95
93.95
93.95
93.95
93.95
93.95
('11-Feb-05', 93.239999999999995)
93.9
entry: 57.15, stop: 56.1, date: 17-Sep-04, type: 0, unit size: 83
After removing units 960304.42
93.9
entry: 57.15, stop: 56.1, date: 17-Sep-04, type: 0, unit size: 83
After removing units 968043.34
93.9
entry: 57.15, stop: 56.1, date: 17-Sep-04, type: 0, unit size: 83
After removing units 975782.26
93.9
entry: 57.15, stop: 56.1, date: 17-Sep-04, type: 0, unit size: 83
After removing units 983521.18
93.9
entry: 57.15, stop: 56.1, date: 17-Sep-04, type: 0, unit size: 83
After removing units 991260.1
93.9
entry: 57.15, stop: 56.1, date: 17-Sep-04, type: 0, unit size: 83
After removing units 998999.02
93.9
entry: 57.15, stop: 56.1, date: 17-Sep-04, type: 0, unit size: 83
After removing units 1006737.94
93.9
entry: 57.15, stop: 56.1, date: 17-Sep-04, type: 0, unit size: 83
After removing units 1014476.86
93.9
entry: 57.15, stop: 56.1, date: 17-Sep-04, type: 0, unit size: 83
After removing units 1022215.78
93.9
entry: 57.15, stop: 56.1, date: 17-Sep-04, type: 0, unit size: 83
After removing units 1029954.7
('14-Feb-05', 91.329999999999998)
('15-Feb-05', 96.709999999999994)
('16-Feb-05', 97.25)
('17-Feb-05', 98.819999999999993)
('18-Feb-05', 99.159999999999997)
('22-Feb-05', 98.150000000000006)
('23-Feb-05', 96.549999999999997)
('24-Feb-05', 91.590000000000003)
entry: 91.59, stop: 89.7, date: 24-Feb-05, type: 1, unit size: 29
After adding units 1027298.59
entry: 91.59, stop: 89.7, date: 24-Feb-05, type: 1, unit size: 29
After adding units 1024642.48
entry: 91.59, stop: 89.7, date: 24-Feb-05, type: 1, unit size: 29
After adding units 1021986.37
entry: 91.59, stop: 89.7, date: 24-Feb-05, type: 1, unit size: 29
After adding units 1019330.26
entry: 91.59, stop: 89.7, date: 24-Feb-05, type: 1, unit size: 29
After adding units 1016674.15
entry: 91.59, stop: 89.7, date: 24-Feb-05, type: 1, unit size: 29
After adding units 1014018.04
entry: 91.59, stop: 89.7, date: 24-Feb-05, type: 1, unit size: 29
After adding units 1011361.93
entry: 91.59, stop: 89.7, date: 24-Feb-05, type: 1, unit size: 29
After adding units 1008705.82
entry: 91.59, stop: 89.7, date: 24-Feb-05, type: 1, unit size: 29
After adding units 1006049.71
entry: 91.59, stop: 89.7, date: 24-Feb-05, type: 1, unit size: 29
After adding units 1003393.6
('25-Feb-05', 94.480000000000004)
('28-Feb-05', 92.909999999999997)
('01-Mar-05', 94.549999999999997)
('02-Mar-05', 92.879999999999995)
('03-Mar-05', 92.969999999999999)
('04-Mar-05', 93.260000000000005)
('07-Mar-05', 93.799999999999997)
('08-Mar-05', 94.459999999999994)
('09-Mar-05', 92.010000000000005)
('10-Mar-05', 90.409999999999997)
('11-Mar-05', 90.129999999999995)
('14-Mar-05', 89.079999999999998)
('15-Mar-05', 87.560000000000002)
('16-Mar-05', 88.260000000000005)
('17-Mar-05', 88.480000000000004)
('18-Mar-05', 89.319999999999993)
('21-Mar-05', 89.549999999999997)
('22-Mar-05', 90.5)
('23-Mar-05', 88.900000000000006)
('24-Mar-05', 90.260000000000005)
('28-Mar-05', 90.75)
entry: 91.59, stop: 89.7, date: 24-Feb-05, type: 1, unit size: 29
After removing units 1006025.35
entry: 91.59, stop: 89.7, date: 24-Feb-05, type: 1, unit size: 29
After removing units 1008657.1
entry: 91.59, stop: 89.7, date: 24-Feb-05, type: 1, unit size: 29
After removing units 1011288.85
entry: 91.59, stop: 89.7, date: 24-Feb-05, type: 1, unit size: 29
After removing units 1013920.6
entry: 91.59, stop: 89.7, date: 24-Feb-05, type: 1, unit size: 29
After removing units 1016552.35
entry: 91.59, stop: 89.7, date: 24-Feb-05, type: 1, unit size: 29
After removing units 1019184.1
entry: 91.59, stop: 89.7, date: 24-Feb-05, type: 1, unit size: 29
After removing units 1021815.85
entry: 91.59, stop: 89.7, date: 24-Feb-05, type: 1, unit size: 29
After removing units 1024447.6
entry: 91.59, stop: 89.7, date: 24-Feb-05, type: 1, unit size: 29
After removing units 1027079.35
entry: 91.59, stop: 89.7, date: 24-Feb-05, type: 1, unit size: 29
After removing units 1029711.1
('29-Mar-05', 90.430000000000007)
('30-Mar-05', 90.230000000000004)
('31-Mar-05', 88.890000000000001)
('01-Apr-05', 90.790000000000006)
('04-Apr-05', 89.890000000000001)
('05-Apr-05', 93.769999999999996)
('06-Apr-05', 94.530000000000001)
('07-Apr-05', 94.299999999999997)
('08-Apr-05', 96.75)
('11-Apr-05', 96.450000000000003)
('12-Apr-05', 96.400000000000006)
('13-Apr-05', 96.640000000000001)
('14-Apr-05', 96.540000000000006)
('15-Apr-05', 94.950000000000003)
('18-Apr-05', 92.200000000000003)
('19-Apr-05', 94.569999999999993)
('20-Apr-05', 99.189999999999998)
entry: 99.19, stop: 97.95, date: 20-Apr-05, type: 0, unit size: 42
After adding units 1025545.12
entry: 99.19, stop: 97.95, date: 20-Apr-05, type: 0, unit size: 42
After adding units 1021379.14
entry: 99.19, stop: 97.95, date: 20-Apr-05, type: 0, unit size: 42
After adding units 1017213.16
entry: 99.19, stop: 97.95, date: 20-Apr-05, type: 0, unit size: 42
After adding units 1013047.18
entry: 99.19, stop: 97.95, date: 20-Apr-05, type: 0, unit size: 42
After adding units 1008881.2
entry: 99.19, stop: 97.95, date: 20-Apr-05, type: 0, unit size: 42
After adding units 1004715.22
entry: 99.19, stop: 97.95, date: 20-Apr-05, type: 0, unit size: 42
After adding units 1000549.24
entry: 99.19, stop: 97.95, date: 20-Apr-05, type: 0, unit size: 42
After adding units 996383.26
entry: 99.19, stop: 97.95, date: 20-Apr-05, type: 0, unit size: 42
After adding units 992217.28
entry: 99.19, stop: 97.95, date: 20-Apr-05, type: 0, unit size: 42
After adding units 988051.3
92.41
92.41
92.41
92.41
92.41
92.41
92.41
92.41
92.41
92.41
('21-Apr-05', 100.11)
92.41
92.41
92.41
92.41
92.41
92.41
92.41
92.41
92.41
92.41
('22-Apr-05', 111.34)
92.41
92.41
92.41
92.41
92.41
92.41
92.41
92.41
92.41
92.41
('25-Apr-05', 108.8)
92.41
92.41
92.41
92.41
92.41
92.41
92.41
92.41
92.41
92.41
('26-Apr-05', 110.0)
92.41
92.41
92.41
92.41
92.41
92.41
92.41
92.41
92.41
92.41
('27-Apr-05', 108.89)
92.41
92.41
92.41
92.41
92.41
92.41
92.41
92.41
92.41
92.41
('28-Apr-05', 109.64)
92.41
92.41
92.41
92.41
92.41
92.41
92.41
92.41
92.41
92.41
('29-Apr-05', 110.84)
92.41
92.41
92.41
92.41
92.41
92.41
92.41
92.41
92.41
92.41
('02-May-05', 110.91)
93.39
93.39
93.39
93.39
93.39
93.39
93.39
93.39
93.39
93.39
('03-May-05', 110.81)
95.6
95.6
95.6
95.6
95.6
95.6
95.6
95.6
95.6
95.6
('04-May-05', 113.5)
98.95
98.95
98.95
98.95
98.95
98.95
98.95
98.95
98.95
98.95
('05-May-05', 114.2)
102.01
102.01
102.01
102.01
102.01
102.01
102.01
102.01
102.01
102.01
('06-May-05', 114.09)
107.8
107.8
107.8
107.8
107.8
107.8
107.8
107.8
107.8
107.8
('09-May-05', 113.89)
109.27
109.27
109.27
109.27
109.27
109.27
109.27
109.27
109.27
109.27
('10-May-05', 112.62)
109.27
109.27
109.27
109.27
109.27
109.27
109.27
109.27
109.27
109.27
('11-May-05', 114.37)
109.62
109.62
109.62
109.62
109.62
109.62
109.62
109.62
109.62
109.62
('12-May-05', 115.29000000000001)
109.62
109.62
109.62
109.62
109.62
109.62
109.62
109.62
109.62
109.62
('13-May-05', 114.48)
109.89
109.89
109.89
109.89
109.89
109.89
109.89
109.89
109.89
109.89
('16-May-05', 114.73)
111.03
111.03
111.03
111.03
111.03
111.03
111.03
111.03
111.03
111.03
('17-May-05', 115.16)
112.9
112.9
112.9
112.9
112.9
112.9
112.9
112.9
112.9
112.9
('18-May-05', 116.69)
112.9
112.9
112.9
112.9
112.9
112.9
112.9
112.9
112.9
112.9
('19-May-05', 120.05)
112.9
112.9
112.9
112.9
112.9
112.9
112.9
112.9
112.9
112.9
('20-May-05', 120.48)
112.9
112.9
112.9
112.9
112.9
112.9
112.9
112.9
112.9
112.9
('23-May-05', 121.45999999999999)
112.9
112.9
112.9
112.9
112.9
112.9
112.9
112.9
112.9
112.9
('24-May-05', 128.34999999999999)
113.79
113.79
113.79
113.79
113.79
113.79
113.79
113.79
113.79
113.79
('25-May-05', 126.23999999999999)
114.25
114.25
114.25
114.25
114.25
114.25
114.25
114.25
114.25
114.25
('26-May-05', 130.34999999999999)
114.25
114.25
114.25
114.25
114.25
114.25
114.25
114.25
114.25
114.25
('27-May-05', 130.09999999999999)
114.51
114.51
114.51
114.51
114.51
114.51
114.51
114.51
114.51
114.51
('31-May-05', 134.58000000000001)
115.41
115.41
115.41
115.41
115.41
115.41
115.41
115.41
115.41
115.41
('01-Jun-05', 141.46000000000001)
116.45
116.45
116.45
116.45
116.45
116.45
116.45
116.45
116.45
116.45
('02-Jun-05', 144.22)
119.46
119.46
119.46
119.46
119.46
119.46
119.46
119.46
119.46
119.46
('03-Jun-05', 143.25)
119.47
119.47
119.47
119.47
119.47
119.47
119.47
119.47
119.47
119.47
('06-Jun-05', 141.05000000000001)
120.68
120.68
120.68
120.68
120.68
120.68
120.68
120.68
120.68
120.68
('07-Jun-05', 148.40000000000001)
127.6
127.6
127.6
127.6
127.6
127.6
127.6
127.6
127.6
127.6
('08-Jun-05', 146.28)
127.87
127.87
127.87
127.87
127.87
127.87
127.87
127.87
127.87
127.87
('09-Jun-05', 142.22)
129.47
129.47
129.47
129.47
129.47
129.47
129.47
129.47
129.47
129.47
('10-Jun-05', 143.34999999999999)
129.47
129.47
129.47
129.47
129.47
129.47
129.47
129.47
129.47
129.47
('13-Jun-05', 139.77000000000001)
132.87
132.87
132.87
132.87
132.87
132.87
132.87
132.87
132.87
132.87
('14-Jun-05', 139.16)
138.5
138.5
138.5
138.5
138.5
138.5
138.5
138.5
138.5
138.5
('15-Jun-05', 137.36000000000001)
139.04
entry: 99.19, stop: 97.95, date: 20-Apr-05, type: 0, unit size: 42
After removing units 993820.42
139.04
entry: 99.19, stop: 97.95, date: 20-Apr-05, type: 0, unit size: 42
After removing units 999589.54
139.04
entry: 99.19, stop: 97.95, date: 20-Apr-05, type: 0, unit size: 42
After removing units 1005358.66
139.04
entry: 99.19, stop: 97.95, date: 20-Apr-05, type: 0, unit size: 42
After removing units 1011127.78
139.04
entry: 99.19, stop: 97.95, date: 20-Apr-05, type: 0, unit size: 42
After removing units 1016896.9
139.04
entry: 99.19, stop: 97.95, date: 20-Apr-05, type: 0, unit size: 42
After removing units 1022666.02
139.04
entry: 99.19, stop: 97.95, date: 20-Apr-05, type: 0, unit size: 42
After removing units 1028435.14
139.04
entry: 99.19, stop: 97.95, date: 20-Apr-05, type: 0, unit size: 42
After removing units 1034204.26
139.04
entry: 99.19, stop: 97.95, date: 20-Apr-05, type: 0, unit size: 42
After removing units 1039973.38
139.04
entry: 99.19, stop: 97.95, date: 20-Apr-05, type: 0, unit size: 42
After removing units 1045742.5
('16-Jun-05', 136.99000000000001)
('17-Jun-05', 139.40000000000001)
('20-Jun-05', 137.91)
('21-Jun-05', 143.88999999999999)
('22-Jun-05', 144.69)
('23-Jun-05', 143.86000000000001)
('24-Jun-05', 145.30000000000001)
('27-Jun-05', 149.30000000000001)
entry: 149.3, stop: 147.36, date: 27-Jun-05, type: 0, unit size: 18
After adding units 1043055.1
entry: 149.3, stop: 147.36, date: 27-Jun-05, type: 0, unit size: 18
After adding units 1040367.7
entry: 149.3, stop: 147.36, date: 27-Jun-05, type: 0, unit size: 18
After adding units 1037680.3
entry: 149.3, stop: 147.36, date: 27-Jun-05, type: 0, unit size: 18
After adding units 1034992.9
entry: 149.3, stop: 147.36, date: 27-Jun-05, type: 0, unit size: 18
After adding units 1032305.5
entry: 149.3, stop: 147.36, date: 27-Jun-05, type: 0, unit size: 18
After adding units 1029618.1
entry: 149.3, stop: 147.36, date: 27-Jun-05, type: 0, unit size: 18
After adding units 1026930.7
entry: 149.3, stop: 147.36, date: 27-Jun-05, type: 0, unit size: 18
After adding units 1024243.3
entry: 149.3, stop: 147.36, date: 27-Jun-05, type: 0, unit size: 18
After adding units 1021555.9
entry: 149.3, stop: 147.36, date: 27-Jun-05, type: 0, unit size: 18
After adding units 1018868.5
137.26
137.26
137.26
137.26
137.26
137.26
137.26
137.26
137.26
137.26
('28-Jun-05', 152.99000000000001)
137.26
137.26
137.26
137.26
137.26
137.26
137.26
137.26
137.26
137.26
('29-Jun-05', 151.09999999999999)
137.26
137.26
137.26
137.26
137.26
137.26
137.26
137.26
137.26
137.26
('30-Jun-05', 147.02000000000001)
138.58
138.58
138.58
138.58
138.58
138.58
138.58
138.58
138.58
138.58
('01-Jul-05', 147.37)
140.0
140.0
140.0
140.0
140.0
140.0
140.0
140.0
140.0
140.0
('05-Jul-05', 145.90000000000001)
143.21
143.21
143.21
143.21
143.21
143.21
143.21
143.21
143.21
143.21
('06-Jul-05', 148.5)
143.78
143.78
143.78
143.78
143.78
143.78
143.78
143.78
143.78
143.78
('07-Jul-05', 144.55000000000001)
144.51
144.51
144.51
144.51
144.51
144.51
144.51
144.51
144.51
144.51
('08-Jul-05', 147.97999999999999)
144.71
144.71
144.71
144.71
144.71
144.71
144.71
144.71
144.71
144.71
('11-Jul-05', 148.05000000000001)
145.48
145.48
145.48
145.48
145.48
145.48
145.48
145.48
145.48
145.48
('12-Jul-05', 146.55000000000001)
145.48
145.48
145.48
145.48
145.48
145.48
145.48
145.48
145.48
145.48
('13-Jul-05', 146.11000000000001)
145.48
145.48
145.48
145.48
145.48
145.48
145.48
145.48
145.48
145.48
('14-Jul-05', 152.52000000000001)
145.48
145.48
145.48
145.48
145.48
145.48
145.48
145.48
145.48
145.48
('15-Jul-05', 150.47)
145.48
145.48
145.48
145.48
145.48
145.48
145.48
145.48
145.48
145.48
('18-Jul-05', 149.84999999999999)
145.48
145.48
145.48
145.48
145.48
145.48
145.48
145.48
145.48
145.48
('19-Jul-05', 150.90000000000001)
145.62
145.62
145.62
145.62
145.62
145.62
145.62
145.62
145.62
145.62
('20-Jul-05', 152.63)
145.62
145.62
145.62
145.62
145.62
145.62
145.62
145.62
145.62
145.62
('21-Jul-05', 156.87)
145.75
145.75
145.75
145.75
145.75
145.75
145.75
145.75
145.75
145.75
('22-Jul-05', 153.03)
145.75
145.75
145.75
145.75
145.75
145.75
145.75
145.75
145.75
145.75
('25-Jul-05', 151.03999999999999)
145.75
145.75
145.75
145.75
145.75
145.75
145.75
145.75
145.75
145.75
('26-Jul-05', 147.36000000000001)
145.75
145.75
145.75
145.75
145.75
145.75
145.75
145.75
145.75
145.75
('27-Jul-05', 148.72)
147.78
147.78
147.78
147.78
147.78
147.78
147.78
147.78
147.78
147.78
('28-Jul-05', 148.56)
147.78
147.78
147.78
147.78
147.78
147.78
147.78
147.78
147.78
147.78
('29-Jul-05', 145.91999999999999)
146.6
146.6
146.6
146.6
146.6
146.6
146.6
146.6
146.6
146.6
('01-Aug-05', 143.91999999999999)
143.74
143.74
143.74
143.74
143.74
143.74
143.74
143.74
143.74
143.74
('02-Aug-05', 145.65000000000001)
143.74
143.74
143.74
143.74
143.74
143.74
143.74
143.74
143.74
143.74
('03-Aug-05', 148.84999999999999)
143.74
143.74
143.74
143.74
143.74
143.74
143.74
143.74
143.74
143.74
('04-Aug-05', 147.63)
143.74
143.74
143.74
143.74
143.74
143.74
143.74
143.74
143.74
143.74
('05-Aug-05', 148.59999999999999)
143.74
143.74
143.74
143.74
143.74
143.74
143.74
143.74
143.74
143.74
('08-Aug-05', 146.65000000000001)
143.74
143.74
143.74
143.74
143.74
143.74
143.74
143.74
143.74
143.74
('09-Aug-05', 145.83000000000001)
143.74
143.74
143.74
143.74
143.74
143.74
143.74
143.74
143.74
143.74
('10-Aug-05', 145.5)
143.74
143.74
143.74
143.74
143.74
143.74
143.74
143.74
143.74
143.74
('11-Aug-05', 142.80000000000001)
142.7
142.7
142.7
142.7
142.7
142.7
142.7
142.7
142.7
142.7
('12-Aug-05', 141.53999999999999)
141.88
141.88
141.88
141.88
141.88
141.88
141.88
141.88
141.88
141.88
('15-Aug-05', 144.75999999999999)
141.88
141.88
141.88
141.88
141.88
141.88
141.88
141.88
141.88
141.88
('16-Aug-05', 142.30000000000001)
141.86
141.86
141.86
141.86
141.86
141.86
141.86
141.86
141.86
141.86
('17-Aug-05', 142.61000000000001)
141.86
141.86
141.86
141.86
141.86
141.86
141.86
141.86
141.86
141.86
('18-Aug-05', 137.81999999999999)
141.86
141.86
141.86
141.86
141.86
141.86
141.86
141.86
141.86
141.86
('19-Aug-05', 140.34999999999999)
139.86
139.86
139.86
139.86
139.86
139.86
139.86
139.86
139.86
139.86
('22-Aug-05', 140.47999999999999)
139.86
139.86
139.86
139.86
139.86
139.86
139.86
139.86
139.86
139.86
('23-Aug-05', 137.94)
136.87
136.87
136.87
136.87
136.87
136.87
136.87
136.87
136.87
136.87
('24-Aug-05', 138.65000000000001)
136.87
136.87
136.87
136.87
136.87
136.87
136.87
136.87
136.87
136.87
('25-Aug-05', 141.13)
136.87
136.87
136.87
136.87
136.87
136.87
136.87
136.87
136.87
136.87
('26-Aug-05', 141.59999999999999)
136.87
136.87
136.87
136.87
136.87
136.87
136.87
136.87
136.87
136.87
('29-Aug-05', 140.97999999999999)
136.87
136.87
136.87
136.87
136.87
136.87
136.87
136.87
136.87
136.87
('30-Aug-05', 143.55000000000001)
136.87
136.87
136.87
136.87
136.87
136.87
136.87
136.87
136.87
136.87
('31-Aug-05', 143.97)
136.87
136.87
136.87
136.87
136.87
136.87
136.87
136.87
136.87
136.87
('01-Sep-05', 142.81)
136.87
136.87
136.87
136.87
136.87
136.87
136.87
136.87
136.87
136.87
('02-Sep-05', 143.11000000000001)
136.87
136.87
136.87
136.87
136.87
136.87
136.87
136.87
136.87
136.87
('06-Sep-05', 144.36000000000001)
136.87
136.87
136.87
136.87
136.87
136.87
136.87
136.87
136.87
136.87
('07-Sep-05', 142.80000000000001)
139.65
139.65
139.65
139.65
139.65
139.65
139.65
139.65
139.65
139.65
('08-Sep-05', 147.27000000000001)
141.14
141.14
141.14
141.14
141.14
141.14
141.14
141.14
141.14
141.14
('09-Sep-05', 148.49000000000001)
141.15
141.15
141.15
141.15
141.15
141.15
141.15
141.15
141.15
141.15
('12-Sep-05', 150.72)
141.65
141.65
141.65
141.65
141.65
141.65
141.65
141.65
141.65
141.65
('13-Sep-05', 154.34999999999999)
142.86
142.86
142.86
142.86
142.86
142.86
142.86
142.86
142.86
142.86
('14-Sep-05', 154.21000000000001)
142.86
142.86
142.86
142.86
142.86
142.86
142.86
142.86
142.86
142.86
('15-Sep-05', 149.61000000000001)
142.86
142.86
142.86
142.86
142.86
142.86
142.86
142.86
142.86
142.86
('16-Sep-05', 151.86000000000001)
142.98
142.98
142.98
142.98
142.98
142.98
142.98
142.98
142.98
142.98
('19-Sep-05', 150.34999999999999)
143.41
143.41
143.41
143.41
143.41
143.41
143.41
143.41
143.41
143.41
('20-Sep-05', 152.91999999999999)
143.41
143.41
143.41
143.41
143.41
143.41
143.41
143.41
143.41
143.41
('21-Sep-05', 154.05000000000001)
147.29
147.29
147.29
147.29
147.29
147.29
147.29
147.29
147.29
147.29
('22-Sep-05', 155.59)
147.55
147.55
147.55
147.55
147.55
147.55
147.55
147.55
147.55
147.55
('23-Sep-05', 156.34)
149.4
149.4
149.4
149.4
149.4
149.4
149.4
149.4
149.4
149.4
('26-Sep-05', 159.59)
149.95
149.95
149.95
149.95
149.95
149.95
149.95
149.95
149.95
149.95
('27-Sep-05', 157.31999999999999)
149.95
149.95
149.95
149.95
149.95
149.95
149.95
149.95
149.95
149.95
('28-Sep-05', 156.94999999999999)
149.95
149.95
149.95
149.95
149.95
149.95
149.95
149.95
149.95
149.95
('29-Sep-05', 153.19)
149.95
149.95
149.95
149.95
149.95
149.95
149.95
149.95
149.95
149.95
('30-Sep-05', 156.94999999999999)
149.95
149.95
149.95
149.95
149.95
149.95
149.95
149.95
149.95
149.95
('03-Oct-05', 156.66)
151.74
151.74
151.74
151.74
151.74
151.74
151.74
151.74
151.74
151.74
('04-Oct-05', 159.81999999999999)
152.85
152.85
152.85
152.85
152.85
152.85
152.85
152.85
152.85
152.85
('05-Oct-05', 156.19)
152.85
152.85
152.85
152.85
152.85
152.85
152.85
152.85
152.85
152.85
('06-Oct-05', 156.91)
152.85
152.85
152.85
152.85
152.85
152.85
152.85
152.85
152.85
152.85
('07-Oct-05', 157.24000000000001)
152.85
152.85
152.85
152.85
152.85
152.85
152.85
152.85
152.85
152.85
('10-Oct-05', 156.5)
152.85
152.85
152.85
152.85
152.85
152.85
152.85
152.85
152.85
152.85
('11-Oct-05', 155.15000000000001)
152.85
152.85
152.85
152.85
152.85
152.85
152.85
152.85
152.85
152.85
('12-Oct-05', 152.44999999999999)
152.85
entry: 149.3, stop: 147.36, date: 27-Jun-05, type: 0, unit size: 18
After removing units 1021612.6
152.85
entry: 149.3, stop: 147.36, date: 27-Jun-05, type: 0, unit size: 18
After removing units 1024356.7
152.85
entry: 149.3, stop: 147.36, date: 27-Jun-05, type: 0, unit size: 18
After removing units 1027100.8
152.85
entry: 149.3, stop: 147.36, date: 27-Jun-05, type: 0, unit size: 18
After removing units 1029844.9
152.85
entry: 149.3, stop: 147.36, date: 27-Jun-05, type: 0, unit size: 18
After removing units 1032589.0
152.85
entry: 149.3, stop: 147.36, date: 27-Jun-05, type: 0, unit size: 18
After removing units 1035333.1
152.85
entry: 149.3, stop: 147.36, date: 27-Jun-05, type: 0, unit size: 18
After removing units 1038077.2
152.85
entry: 149.3, stop: 147.36, date: 27-Jun-05, type: 0, unit size: 18
After removing units 1040821.3
152.85
entry: 149.3, stop: 147.36, date: 27-Jun-05, type: 0, unit size: 18
After removing units 1043565.4
152.85
entry: 149.3, stop: 147.36, date: 27-Jun-05, type: 0, unit size: 18
After removing units 1046309.5
('13-Oct-05', 150.84999999999999)
('14-Oct-05', 149.80000000000001)
('17-Oct-05', 148.59999999999999)
('18-Oct-05', 152.33000000000001)
('19-Oct-05', 151.84999999999999)
('20-Oct-05', 154.84)
('21-Oct-05', 172.72999999999999)
entry: 172.73, stop: 170.45, date: 21-Oct-05, type: 0, unit size: 13
After adding units 1044064.01
entry: 172.73, stop: 170.45, date: 21-Oct-05, type: 0, unit size: 13
After adding units 1041818.52
entry: 172.73, stop: 170.45, date: 21-Oct-05, type: 0, unit size: 13
After adding units 1039573.03
entry: 172.73, stop: 170.45, date: 21-Oct-05, type: 0, unit size: 13
After adding units 1037327.54
entry: 172.73, stop: 170.45, date: 21-Oct-05, type: 0, unit size: 13
After adding units 1035082.05
entry: 172.73, stop: 170.45, date: 21-Oct-05, type: 0, unit size: 13
After adding units 1032836.56
entry: 172.73, stop: 170.45, date: 21-Oct-05, type: 0, unit size: 13
After adding units 1030591.07
entry: 172.73, stop: 170.45, date: 21-Oct-05, type: 0, unit size: 13
After adding units 1028345.58
entry: 172.73, stop: 170.45, date: 21-Oct-05, type: 0, unit size: 13
After adding units 1026100.09
entry: 172.73, stop: 170.45, date: 21-Oct-05, type: 0, unit size: 13
After adding units 1023854.6
147.92
147.92
147.92
147.92
147.92
147.92
147.92
147.92
147.92
147.92
('24-Oct-05', 171.50999999999999)
147.92
147.92
147.92
147.92
147.92
147.92
147.92
147.92
147.92
147.92
('25-Oct-05', 172.72)
147.92
147.92
147.92
147.92
147.92
147.92
147.92
147.92
147.92
147.92
('26-Oct-05', 172.97)
147.92
147.92
147.92
147.92
147.92
147.92
147.92
147.92
147.92
147.92
('27-Oct-05', 178.12)
147.92
147.92
147.92
147.92
147.92
147.92
147.92
147.92
147.92
147.92
('28-Oct-05', 177.46000000000001)
147.92
147.92
147.92
147.92
147.92
147.92
147.92
147.92
147.92
147.92
('31-Oct-05', 179.94)
151.45
151.45
151.45
151.45
151.45
151.45
151.45
151.45
151.45
151.45
('01-Nov-05', 185.74000000000001)
151.45
151.45
151.45
151.45
151.45
151.45
151.45
151.45
151.45
151.45
('02-Nov-05', 190.66)
151.45
151.45
151.45
151.45
151.45
151.45
151.45
151.45
151.45
151.45
('03-Nov-05', 191.00999999999999)
151.45
151.45
151.45
151.45
151.45
151.45
151.45
151.45
151.45
151.45
('04-Nov-05', 194.80000000000001)
169.78
169.78
169.78
169.78
169.78
169.78
169.78
169.78
169.78
169.78
('07-Nov-05', 197.34999999999999)
173.28
173.28
173.28
173.28
173.28
173.28
173.28
173.28
173.28
173.28
('08-Nov-05', 196.93000000000001)
173.28
173.28
173.28
173.28
173.28
173.28
173.28
173.28
173.28
173.28
('09-Nov-05', 193.13999999999999)
176.35
176.35
176.35
176.35
176.35
176.35
176.35
176.35
176.35
176.35
('10-Nov-05', 188.99000000000001)
176.35
176.35
176.35
176.35
176.35
176.35
176.35
176.35
176.35
176.35
('11-Nov-05', 197.36000000000001)
178.91
178.91
178.91
178.91
178.91
178.91
178.91
178.91
178.91
178.91
('14-Nov-05', 195.86000000000001)
185.88
185.88
185.88
185.88
185.88
185.88
185.88
185.88
185.88
185.88
('15-Nov-05', 196.99000000000001)
189.39
189.39
189.39
189.39
189.39
189.39
189.39
189.39
189.39
189.39
('16-Nov-05', 197.90000000000001)
189.39
189.39
189.39
189.39
189.39
189.39
189.39
189.39
189.39
189.39
('17-Nov-05', 200.69999999999999)
189.39
189.39
189.39
189.39
189.39
189.39
189.39
189.39
189.39
189.39
('18-Nov-05', 201.53999999999999)
189.39
189.39
189.39
189.39
189.39
189.39
189.39
189.39
189.39
189.39
('21-Nov-05', 199.38999999999999)
189.39
189.39
189.39
189.39
189.39
189.39
189.39
189.39
189.39
189.39
('22-Nov-05', 204.12)
189.39
189.39
189.39
189.39
189.39
189.39
189.39
189.39
189.39
189.39
('23-Nov-05', 208.31)
189.39
189.39
189.39
189.39
189.39
189.39
189.39
189.39
189.39
189.39
('25-Nov-05', 212.68000000000001)
195.0
195.0
195.0
195.0
195.0
195.0
195.0
195.0
195.0
195.0
('28-Nov-05', 214.69999999999999)
195.0
195.0
195.0
195.0
195.0
195.0
195.0
195.0
195.0
195.0
('29-Nov-05', 212.02000000000001)
196.2
196.2
196.2
196.2
196.2
196.2
196.2
196.2
196.2
196.2
('30-Nov-05', 201.93000000000001)
196.2
196.2
196.2
196.2
196.2
196.2
196.2
196.2
196.2
196.2
('01-Dec-05', 204.40000000000001)
198.88
198.88
198.88
198.88
198.88
198.88
198.88
198.88
198.88
198.88
('02-Dec-05', 208.25999999999999)
199.9
199.9
199.9
199.9
199.9
199.9
199.9
199.9
199.9
199.9
('05-Dec-05', 208.28999999999999)
199.9
199.9
199.9
199.9
199.9
199.9
199.9
199.9
199.9
199.9
('06-Dec-05', 204.15000000000001)
201.57
201.57
201.57
201.57
201.57
201.57
201.57
201.57
201.57
201.57
('07-Dec-05', 202.88)
201.57
201.57
201.57
201.57
201.57
201.57
201.57
201.57
201.57
201.57
('08-Dec-05', 202.44999999999999)
201.57
201.57
201.57
201.57
201.57
201.57
201.57
201.57
201.57
201.57
('09-Dec-05', 207.28999999999999)
201.57
201.57
201.57
201.57
201.57
201.57
201.57
201.57
201.57
201.57
('12-Dec-05', 207.11000000000001)
201.57
201.57
201.57
201.57
201.57
201.57
201.57
201.57
201.57
201.57
('13-Dec-05', 206.03999999999999)
201.57
201.57
201.57
201.57
201.57
201.57
201.57
201.57
201.57
201.57
('14-Dec-05', 208.31)
201.91
201.91
201.91
201.91
201.91
201.91
201.91
201.91
201.91
201.91
('15-Dec-05', 209.34999999999999)
201.91
201.91
201.91
201.91
201.91
201.91
201.91
201.91
201.91
201.91
('16-Dec-05', 212.46000000000001)
201.91
201.91
201.91
201.91
201.91
201.91
201.91
201.91
201.91
201.91
('19-Dec-05', 215.88)
201.91
201.91
201.91
201.91
201.91
201.91
201.91
201.91
201.91
201.91
('20-Dec-05', 213.72)
201.91
201.91
201.91
201.91
201.91
201.91
201.91
201.91
201.91
201.91
('21-Dec-05', 216.56)
entry: 216.56, stop: 214.04, date: 21-Dec-05, type: 2, unit size: 9
After adding units 1021905.56
entry: 216.56, stop: 214.04, date: 21-Dec-05, type: 2, unit size: 9
After adding units 1019956.52
entry: 216.56, stop: 214.04, date: 21-Dec-05, type: 2, unit size: 9
After adding units 1018007.48
entry: 216.56, stop: 214.04, date: 21-Dec-05, type: 2, unit size: 9
After adding units 1016058.44
entry: 216.56, stop: 214.04, date: 21-Dec-05, type: 2, unit size: 9
After adding units 1014109.4
entry: 216.56, stop: 214.04, date: 21-Dec-05, type: 2, unit size: 9
After adding units 1012160.36
entry: 216.56, stop: 214.04, date: 21-Dec-05, type: 2, unit size: 9
After adding units 1010211.32
entry: 216.56, stop: 214.04, date: 21-Dec-05, type: 2, unit size: 9
After adding units 1008262.28
entry: 216.56, stop: 214.04, date: 21-Dec-05, type: 2, unit size: 9
After adding units 1006313.24
entry: 216.56, stop: 214.04, date: 21-Dec-05, type: 2, unit size: 9
After adding units 1004364.2
201.91
201.91
201.91
201.91
201.91
201.91
201.91
201.91
201.91
201.91
201.91
201.91
201.91
201.91
201.91
201.91
201.91
201.91
201.91
201.91
('22-Dec-05', 215.66999999999999)
204.4
204.4
204.4
204.4
204.4
204.4
204.4
204.4
204.4
204.4
204.4
204.4
204.4
204.4
204.4
204.4
204.4
204.4
204.4
204.4
('23-Dec-05', 215.86000000000001)
204.4
204.4
204.4
204.4
204.4
204.4
204.4
204.4
204.4
204.4
204.4
204.4
204.4
204.4
204.4
204.4
204.4
204.4
204.4
204.4
('27-Dec-05', 215.71000000000001)
206.1
206.1
206.1
206.1
206.1
206.1
206.1
206.1
206.1
206.1
206.1
206.1
206.1
206.1
206.1
206.1
206.1
206.1
206.1
206.1
('28-Dec-05', 211.96000000000001)
208.54
208.54
208.54
208.54
208.54
208.54
208.54
208.54
208.54
208.54
208.54
208.54
208.54
208.54
208.54
208.54
208.54
208.54
208.54
208.54
('29-Dec-05', 213.78)
209.27
209.27
209.27
209.27
209.27
209.27
209.27
209.27
209.27
209.27
209.27
209.27
209.27
209.27
209.27
209.27
209.27
209.27
209.27
209.27
('30-Dec-05', 208.43000000000001)
209.86
entry: 172.73, stop: 170.45, date: 21-Oct-05, type: 0, unit size: 13
After removing units 1007073.79
209.86
entry: 172.73, stop: 170.45, date: 21-Oct-05, type: 0, unit size: 13
After removing units 1009783.38
209.86
entry: 172.73, stop: 170.45, date: 21-Oct-05, type: 0, unit size: 13
After removing units 1012492.97
209.86
entry: 172.73, stop: 170.45, date: 21-Oct-05, type: 0, unit size: 13
After removing units 1015202.56
209.86
entry: 172.73, stop: 170.45, date: 21-Oct-05, type: 0, unit size: 13
After removing units 1017912.15
209.86
entry: 172.73, stop: 170.45, date: 21-Oct-05, type: 0, unit size: 13
After removing units 1020621.74
209.86
entry: 172.73, stop: 170.45, date: 21-Oct-05, type: 0, unit size: 13
After removing units 1023331.33
209.86
entry: 172.73, stop: 170.45, date: 21-Oct-05, type: 0, unit size: 13
After removing units 1026040.92
209.86
entry: 172.73, stop: 170.45, date: 21-Oct-05, type: 0, unit size: 13
After removing units 1028750.51
209.86
entry: 172.73, stop: 170.45, date: 21-Oct-05, type: 0, unit size: 13
After removing units 1031460.1
209.86
209.86
209.86
209.86
209.86
209.86
209.86
209.86
209.86
209.86
('03-Jan-06', 211.05000000000001)
207.22
207.22
207.22
207.22
207.22
207.22
207.22
207.22
207.22
207.22
('04-Jan-06', 221.72999999999999)
207.22
207.22
207.22
207.22
207.22
207.22
207.22
207.22
207.22
207.22
('05-Jan-06', 222.78)
207.22
207.22
207.22
207.22
207.22
207.22
207.22
207.22
207.22
207.22
('06-Jan-06', 228.21000000000001)
207.22
207.22
207.22
207.22
207.22
207.22
207.22
207.22
207.22
207.22
('09-Jan-06', 232.97)
207.22
207.22
207.22
207.22
207.22
207.22
207.22
207.22
207.22
207.22
('10-Jan-06', 231.97999999999999)
207.22
207.22
207.22
207.22
207.22
207.22
207.22
207.22
207.22
207.22
('11-Jan-06', 235.40000000000001)
207.22
207.22
207.22
207.22
207.22
207.22
207.22
207.22
207.22
207.22
('12-Jan-06', 236.62)
207.22
207.22
207.22
207.22
207.22
207.22
207.22
207.22
207.22
207.22
('13-Jan-06', 231.91999999999999)
207.22
207.22
207.22
207.22
207.22
207.22
207.22
207.22
207.22
207.22
('17-Jan-06', 231.30000000000001)
207.22
207.22
207.22
207.22
207.22
207.22
207.22
207.22
207.22
207.22
('18-Jan-06', 223.43000000000001)
217.4
217.4
217.4
217.4
217.4
217.4
217.4
217.4
217.4
217.4
('19-Jan-06', 225.36000000000001)
222.23
222.23
222.23
222.23
222.23
222.23
222.23
222.23
222.23
222.23
('20-Jan-06', 219.13)
218.0
218.0
218.0
218.0
218.0
218.0
218.0
218.0
218.0
218.0
('23-Jan-06', 203.49000000000001)
199.53
199.53
199.53
199.53
199.53
199.53
199.53
199.53
199.53
199.53
('24-Jan-06', 217.80000000000001)
199.53
199.53
199.53
199.53
199.53
199.53
199.53
199.53
199.53
199.53
('25-Jan-06', 225.40000000000001)
199.53
199.53
199.53
199.53
199.53
199.53
199.53
199.53
199.53
199.53
('26-Jan-06', 219.55000000000001)
199.53
199.53
199.53
199.53
199.53
199.53
199.53
199.53
199.53
199.53
('27-Jan-06', 217.28)
199.53
199.53
199.53
199.53
199.53
199.53
199.53
199.53
199.53
199.53
After removing units 1033415.62
After removing units 1035371.14
After removing units 1037326.66
After removing units 1039282.18
After removing units 1041237.7
After removing units 1043193.22
After removing units 1045148.74
After removing units 1047104.26
After removing units 1049059.78
After removing units 1051015.3
The final equity is 1051015.3
The percentage return is 5.10153
